00000000101000000000001010010011
00000000011000000000001100010011

0000000 00101 00110 100 01100 1100011 -> 000000001100 = 12 (PC === 8)

00000000011000101000001010110011
01001101001000101000001100010011

00000000010100110101011001100011 -> PC === 20
00000000011000101001011001100011 ->
00000000000100101000010010010011
01000000011000101000010000110011
01000000011000101000010000110011
00000000011000101101011001100011
00000000010100110101011001100011
00000000000100101000010010010011
01000000011000101000010000110011
00000000011000101000011001100011

00000000010000110000001100010011 <- 111100 -> (PC === 60)

00000000011000101000010001100011
01000000011000101000010000110011
01000000011000101000001010110011
00000000000100000000010010010011


0000000110 -> 6 << 1(6 + PC = 20)

00000000011000101001011001100011
00000000010100110101011001100011
00000000011000101001011001100011


0000000 00110 00101 001 01100 1100011
