00000000101000000000001010010011
00000000011000000000001100010011
00000000010100110100011001100011
00000000011000101000001100110011
01001101001000101000001100010011
00000000010100110101011001100011
00000000011000101001011001100011
00000000000100101000010010010011
01000000011000101000110100110011
00000000010100110101011001100011
00000000011000101101011001100011
00000000000100101000010010010011
01000000011000101000110010110011
00000000011000101000011001100011
00000000010000110000001100010011
00000000011000101000010001100011
01000000011000101000110000110011
01000000011000101000001010110011
00000000000100000000010010010011
